Key = 00
2.13424 0.902563 0.668196 0.224394 1.77022 0.284233 8.35743 2.28882 3.74489 3.66012 12.586 2.46834 1.2217 4.4829 7.40002 0.184502 0.179515 5.06632 2.48828 7.11579 7.37509 2.21402 0.139623 5.97387 6.78668 9.49935 
Key = 01
0.902563 0.668196 0.224394 1.77022 0.284233 8.35743 2.28882 3.74489 3.66012 12.586 2.46834 1.2217 4.4829 7.40002 0.184502 0.179515 5.06632 2.48828 7.11579 7.37509 2.21402 0.139623 5.97387 6.78668 9.49935 2.13424 
Key = 02
0.668196 0.224394 1.77022 0.284233 8.35743 2.28882 3.74489 3.66012 12.586 2.46834 1.2217 4.4829 7.40002 0.184502 0.179515 5.06632 2.48828 7.11579 7.37509 2.21402 0.139623 5.97387 6.78668 9.49935 2.13424 0.902563 
Key = 03
0.224394 1.77022 0.284233 8.35743 2.28882 3.74489 3.66012 12.586 2.46834 1.2217 4.4829 7.40002 0.184502 0.179515 5.06632 2.48828 7.11579 7.37509 2.21402 0.139623 5.97387 6.78668 9.49935 2.13424 0.902563 0.668196 
Key = 04
1.77022 0.284233 8.35743 2.28882 3.74489 3.66012 12.586 2.46834 1.2217 4.4829 7.40002 0.184502 0.179515 5.06632 2.48828 7.11579 7.37509 2.21402 0.139623 5.97387 6.78668 9.49935 2.13424 0.902563 0.668196 0.224394 
Key = 05
0.284233 8.35743 2.28882 3.74489 3.66012 12.586 2.46834 1.2217 4.4829 7.40002 0.184502 0.179515 5.06632 2.48828 7.11579 7.37509 2.21402 0.139623 5.97387 6.78668 9.49935 2.13424 0.902563 0.668196 0.224394 1.77022 
Key = 06
8.35743 2.28882 3.74489 3.66012 12.586 2.46834 1.2217 4.4829 7.40002 0.184502 0.179515 5.06632 2.48828 7.11579 7.37509 2.21402 0.139623 5.97387 6.78668 9.49935 2.13424 0.902563 0.668196 0.224394 1.77022 0.284233 
Key = 07
2.28882 3.74489 3.66012 12.586 2.46834 1.2217 4.4829 7.40002 0.184502 0.179515 5.06632 2.48828 7.11579 7.37509 2.21402 0.139623 5.97387 6.78668 9.49935 2.13424 0.902563 0.668196 0.224394 1.77022 0.284233 8.35743 
Key = 08
3.74489 3.66012 12.586 2.46834 1.2217 4.4829 7.40002 0.184502 0.179515 5.06632 2.48828 7.11579 7.37509 2.21402 0.139623 5.97387 6.78668 9.49935 2.13424 0.902563 0.668196 0.224394 1.77022 0.284233 8.35743 2.28882 
Key = 09
3.66012 12.586 2.46834 1.2217 4.4829 7.40002 0.184502 0.179515 5.06632 2.48828 7.11579 7.37509 2.21402 0.139623 5.97387 6.78668 9.49935 2.13424 0.902563 0.668196 0.224394 1.77022 0.284233 8.35743 2.28882 3.74489 
Key = 10
12.586 2.46834 1.2217 4.4829 7.40002 0.184502 0.179515 5.06632 2.48828 7.11579 7.37509 2.21402 0.139623 5.97387 6.78668 9.49935 2.13424 0.902563 0.668196 0.224394 1.77022 0.284233 8.35743 2.28882 3.74489 3.66012 
Key = 11
2.46834 1.2217 4.4829 7.40002 0.184502 0.179515 5.06632 2.48828 7.11579 7.37509 2.21402 0.139623 5.97387 6.78668 9.49935 2.13424 0.902563 0.668196 0.224394 1.77022 0.284233 8.35743 2.28882 3.74489 3.66012 12.586 
Key = 12
1.2217 4.4829 7.40002 0.184502 0.179515 5.06632 2.48828 7.11579 7.37509 2.21402 0.139623 5.97387 6.78668 9.49935 2.13424 0.902563 0.668196 0.224394 1.77022 0.284233 8.35743 2.28882 3.74489 3.66012 12.586 2.46834 
Key = 13
4.4829 7.40002 0.184502 0.179515 5.06632 2.48828 7.11579 7.37509 2.21402 0.139623 5.97387 6.78668 9.49935 2.13424 0.902563 0.668196 0.224394 1.77022 0.284233 8.35743 2.28882 3.74489 3.66012 12.586 2.46834 1.2217 
Key = 14
7.40002 0.184502 0.179515 5.06632 2.48828 7.11579 7.37509 2.21402 0.139623 5.97387 6.78668 9.49935 2.13424 0.902563 0.668196 0.224394 1.77022 0.284233 8.35743 2.28882 3.74489 3.66012 12.586 2.46834 1.2217 4.4829 
Key = 15
0.184502 0.179515 5.06632 2.48828 7.11579 7.37509 2.21402 0.139623 5.97387 6.78668 9.49935 2.13424 0.902563 0.668196 0.224394 1.77022 0.284233 8.35743 2.28882 3.74489 3.66012 12.586 2.46834 1.2217 4.4829 7.40002 
Key = 16
0.179515 5.06632 2.48828 7.11579 7.37509 2.21402 0.139623 5.97387 6.78668 9.49935 2.13424 0.902563 0.668196 0.224394 1.77022 0.284233 8.35743 2.28882 3.74489 3.66012 12.586 2.46834 1.2217 4.4829 7.40002 0.184502 
Key = 17
5.06632 2.48828 7.11579 7.37509 2.21402 0.139623 5.97387 6.78668 9.49935 2.13424 0.902563 0.668196 0.224394 1.77022 0.284233 8.35743 2.28882 3.74489 3.66012 12.586 2.46834 1.2217 4.4829 7.40002 0.184502 0.179515 
Key = 18
2.48828 7.11579 7.37509 2.21402 0.139623 5.97387 6.78668 9.49935 2.13424 0.902563 0.668196 0.224394 1.77022 0.284233 8.35743 2.28882 3.74489 3.66012 12.586 2.46834 1.2217 4.4829 7.40002 0.184502 0.179515 5.06632 
Key = 19
7.11579 7.37509 2.21402 0.139623 5.97387 6.78668 9.49935 2.13424 0.902563 0.668196 0.224394 1.77022 0.284233 8.35743 2.28882 3.74489 3.66012 12.586 2.46834 1.2217 4.4829 7.40002 0.184502 0.179515 5.06632 2.48828 
Key = 20
7.37509 2.21402 0.139623 5.97387 6.78668 9.49935 2.13424 0.902563 0.668196 0.224394 1.77022 0.284233 8.35743 2.28882 3.74489 3.66012 12.586 2.46834 1.2217 4.4829 7.40002 0.184502 0.179515 5.06632 2.48828 7.11579 
Key = 21
2.21402 0.139623 5.97387 6.78668 9.49935 2.13424 0.902563 0.668196 0.224394 1.77022 0.284233 8.35743 2.28882 3.74489 3.66012 12.586 2.46834 1.2217 4.4829 7.40002 0.184502 0.179515 5.06632 2.48828 7.11579 7.37509 
Key = 22
0.139623 5.97387 6.78668 9.49935 2.13424 0.902563 0.668196 0.224394 1.77022 0.284233 8.35743 2.28882 3.74489 3.66012 12.586 2.46834 1.2217 4.4829 7.40002 0.184502 0.179515 5.06632 2.48828 7.11579 7.37509 2.21402 
Key = 23
5.97387 6.78668 9.49935 2.13424 0.902563 0.668196 0.224394 1.77022 0.284233 8.35743 2.28882 3.74489 3.66012 12.586 2.46834 1.2217 4.4829 7.40002 0.184502 0.179515 5.06632 2.48828 7.11579 7.37509 2.21402 0.139623 
Key = 24
6.78668 9.49935 2.13424 0.902563 0.668196 0.224394 1.77022 0.284233 8.35743 2.28882 3.74489 3.66012 12.586 2.46834 1.2217 4.4829 7.40002 0.184502 0.179515 5.06632 2.48828 7.11579 7.37509 2.21402 0.139623 5.97387 
Key = 25
9.49935 2.13424 0.902563 0.668196 0.224394 1.77022 0.284233 8.35743 2.28882 3.74489 3.66012 12.586 2.46834 1.2217 4.4829 7.40002 0.184502 0.179515 5.06632 2.48828 7.11579 7.37509 2.21402 0.139623 5.97387 6.78668 

